# video_id: Y4MnpzG5Sqc
-96.472461 32.956968
-74.024208 40.769787
-86.789702 36.155999
-106.578919 35.074483
-96.340463 30.616918
-97.824647 30.397790
-115.175449 36.112372
-93.362197 44.749727
-96.901271 32.766288
-101.722466 33.536002
-118.151608 34.146596
-84.368106 33.754076
-84.583099 37.985435
-71.234674 42.690854
-89.400715 43.071352
-106.589786 35.110669
-118.352598 34.136515
-157.824113 21.275296
-75.336298 38.608269
-76.481091 38.981501
-96.865704 33.009400
-83.291742 42.636704
-74.937064 39.895628
-87.625276 41.888990
-108.811916 39.199672
-116.888242 34.243049
-82.058084 41.437796
-81.138671 28.497625
-95.382503 30.061378
-118.473454 34.076546
-77.568217 37.536912
-85.905460 42.971900
-86.455033 40.115238
-118.275909 34.081180
-122.085055 37.422049
-93.017077 34.520631
-87.632640 41.868597
-117.424728 47.661021
-83.729764 43.031179
-104.882634 39.554151
-83.356500 42.210225
-90.310565 32.426876
-75.144800 39.998000
-96.797865 32.805012
-118.106356 33.739444
-71.418999 43.542958
-84.118179 34.032844
-93.231312 44.853424
-70.890200 42.565691
-77.005594 38.922498
-96.795339 32.853808
-73.493629 41.132891
-123.087935 44.046139
-117.919241 33.808848
-82.097297 39.325030
-75.055143 38.530417
-87.680452 42.045407
-89.403594 43.069875
-117.167224 32.759804
-74.024583 40.749415
-76.481698 39.065787
-97.511390 35.465103
-95.455499 30.190909
-75.489595 40.556642
-84.490947 38.031197
-93.773446 46.216563
-80.034020 40.615135
-93.182151 44.461475
-122.066876 37.610422
-73.395856 41.237235
-118.324551 34.098580
-94.171455 36.070274
-74.198515 41.018704
-72.094857 41.493339
-73.952996 40.781614
-96.342170 30.621649
-77.445513 37.548256
-93.423628 44.844482
-83.962541 35.751388
-92.615019 42.464162
-77.861483 40.801687
-71.001995 42.256847
-78.474553 38.041738
-76.718706 38.952172
-123.098186 47.190537
-84.391522 33.770051
-79.784609 34.188090
-93.522813 44.831047
-74.264016 40.848951
-87.651483 41.945440
-86.920977 40.443576
-70.895680 42.521396
-80.126852 40.269126
-84.406539 34.030424
-73.806663 40.659253
-158.123227 21.338721
-75.768867 40.503134
-122.083846 37.420455
-71.054112 42.368687
-85.584436 35.059834
-122.760799 38.446550
-70.543160 41.411703
-84.496457 38.050707
-86.703523 34.778765
-86.609349 36.360354
-94.367620 35.530114
-84.536850 39.109913
-80.936986 28.142287
-88.041309 41.719678
-77.479480 39.057202
-93.279344 44.972855
-97.742522 30.283144
-97.055299 47.891497
-88.024673 42.002065
-82.419283 28.035205
-90.275134 38.643440
-73.987536 40.731600
-97.303510 32.923200
-71.180532 44.149686
-81.370372 28.574347
-88.231749 40.110268
-68.598075 47.250229
-75.942654 40.400755
-86.735344 36.182813
-87.930843 43.037377
-93.832530 41.609372
-86.789846 36.124582
-111.943273 40.688566
-92.290665 38.954030
-98.496149 29.518343
-121.763320 38.536635
-77.431768 38.990603
-118.361131 34.085018
-73.972432 40.755826
-118.258512 34.047999
-121.052894 37.687101
-80.086961 26.455050
-86.005272 39.884519
-91.178876 30.418679
-117.919264 33.799084
-93.789245 41.582322
-94.176319 36.071545
-97.998239 30.381638
-95.978762 36.018222
-77.043900 38.886206
-71.350515 42.037518
-96.649890 40.769599
-93.441489 45.098094
-75.325136 40.026740
-89.748443 30.296412
-81.127587 29.480318
-86.729465 36.205175
-76.118399 43.021280
-115.064067 36.139906
-116.875476 48.631728
-92.322114 38.913130
-85.614336 42.281952
-73.861102 40.908763
-92.328210 38.951521
-91.253577 41.904977
-91.019973 38.536144
-87.740840 41.788710
-121.980587 37.967959
-80.373960 25.675839
-73.269449 44.526934
-90.093012 29.967467
-87.875414 41.851811
-111.463003 36.917473
-80.595660 28.037167
-73.901945 41.535750
-87.654586 41.954855
-73.932967 41.720337
-87.656893 41.924593
-87.677205 37.962428
-75.310407 39.732745
-84.390408 33.769771
-73.989531 40.749006
-97.489772 35.243975
-121.823107 37.400116
-83.006530 39.992466
-122.204236 47.616344
-99.482782 27.524389
-82.093621 39.323244
-92.051450 30.223340
-121.918635 37.800289
-96.892799 32.973552
-84.398376 33.755586
-82.160338 36.624170
-115.173454 36.115274
-80.724654 35.370087
-121.946115 38.334838
-122.336411 48.442250
-115.104370 36.054944
-70.682852 42.046862
-70.937770 41.633075
-88.295282 42.226028
-96.602742 33.097778
-149.758117 61.193538
-117.917950 33.812016
-121.864981 37.302876
-112.178271 42.430171
-73.994949 40.741271
-77.867233 40.787363
-117.918496 33.808912
-76.779381 39.425367
-73.786102 40.637860
-89.226881 31.591225
-119.189668 34.256250
-70.280158 41.649202
-74.103673 40.695027
-98.979829 31.728547
-122.608785 45.556487
-71.436549 42.695293
-73.949575 40.650169
-111.970861 41.197887
-88.826231 35.536517
-74.026114 40.624930
-117.237043 32.790782
-81.087517 29.237572
-84.005585 33.980449
-85.525018 32.586458
-97.121025 31.548601
-121.345489 38.561662
-89.129275 41.322396
-84.511933 39.125040
-118.380186 34.121316
-120.976746 37.668077
-73.166407 42.637139
-91.069626 33.365918
-73.363072 41.141577
-75.664618 43.083064
-118.492167 34.019167
-92.528730 47.466037
-96.554263 32.733448
-116.706296 47.619557
-115.112096 36.194181
-118.335999 34.153853
-84.176103 39.628454
-81.431050 28.486346
-118.129127 34.096240
-86.653000 35.883372
-118.378209 34.088749
-76.188657 42.591849
-104.854870 39.946810
-118.262801 34.051966
-118.152764 34.145871
-121.807523 37.297919
-73.227713 41.243098
-81.558885 30.317122
-77.748439 40.779200
-116.503279 33.796399
-122.307229 47.728442
-122.292084 47.626585
-118.361798 34.191585
-71.056436 42.362609
-97.740619 30.263367
-118.846251 34.193153
-97.184825 32.813387
-81.354086 27.449663
-82.699021 38.425769
-118.260695 34.085001
-122.681932 45.523007
-82.961169 40.127225
-86.516582 42.026520
-117.879235 33.695068
-81.030607 33.995039
-118.418116 33.901160
-73.981330 40.577520
-122.381150 47.655823
-118.358161 34.063326
-118.343738 34.070607
-73.983747 40.752877
-86.856179 33.502858
-75.368028 40.062808
-118.831156 34.022879
-81.510268 28.357003
-71.024880 42.364022
-122.415547 37.725903
-75.163875 39.957496
-104.673786 39.850293
-77.618692 43.081003
-73.962437 40.780698
-75.130656 40.038882
-81.464663 28.451051
-96.628815 40.814242
-73.970543 40.674934
-93.125966 34.503280
-73.045036 40.791320
-122.681994 45.520865
-85.827904 30.205441
-82.255553 34.783101
-79.892089 40.861295
-93.254294 37.247903
-73.982717 40.753128
-96.544459 29.697960
-84.394894 33.811634
-93.456742 44.799067
-78.863198 43.025488
-70.603536 43.278927
-82.648964 27.820831
-71.410057 41.837841
-73.980062 40.751822
-73.866318 40.752006
-84.107817 34.274425
-80.276567 25.721915
-118.489624 34.018330
-73.996692 40.725152
-118.882670 34.818313
-84.781502 37.645759
-77.026657 38.948592
-120.690883 35.165218
-81.043220 32.043950
-87.623281 37.998993
-122.714513 38.411402
-96.958492 32.958371
-79.200130 34.694848
-106.373891 39.639427
-93.090935 44.963307
-70.872803 43.128175
-115.146419 36.082240
-82.336847 34.848519
-80.360183 25.791486
-76.539500 37.113300
-73.811613 42.718689
-80.085910 42.130241
-74.764509 40.778390
-80.052695 40.356846
-93.323219 37.250209
-77.006993 38.893338
-74.471710 40.798221
-117.844277 33.586548
-79.095412 35.951179
-117.825751 33.642706
-98.602077 29.597856
-83.232130 42.674842
-90.707550 35.831668
-123.073911 44.614057
-84.432359 33.638960
-83.032668 40.020173
-70.383093 43.443424
-78.777519 42.999068
-85.534221 42.317807
-76.622915 39.285490
-81.466226 28.474039
-117.923405 33.809302
-115.175815 36.092979
-121.875735 37.331470
-122.271025 37.524031
-73.985657 40.731773
-81.438501 41.385241
-75.157874 39.960550
-93.664702 45.899507
-95.517608 29.702151
-71.994414 42.055089
-73.978361 40.758610
-96.836115 46.862806
-83.740667 42.275042
-75.223268 40.260463
-80.052245 26.704929
-73.869072 40.748815
-85.018166 34.837002
-87.622511 41.882454
-118.635697 34.036460
-84.395076 33.756700
-115.259906 36.050487
-94.630029 38.934076
-116.778686 33.003979
-82.195932 28.507833
-117.242632 32.791230
-75.186932 39.954080
-106.093125 39.481167
-106.567978 35.110221
-73.989910 40.736518
-80.051646 42.097809
-81.357022 28.597513
-87.705237 41.934381
-87.628208 41.876359
-86.795996 36.118453
-73.981378 40.752622
-90.065101 29.957923
-90.309942 38.554334
-90.185223 29.962500
-88.948198 42.283043
-97.107854 32.734260
-87.653689 41.924817
-73.943136 40.711439
-78.900171 35.997727
-71.096489 42.346112
-118.035472 33.815383
-122.031793 37.376364
-118.269800 34.043330
-88.106228 43.032958
-75.699997 39.452798
-95.127568 43.377308
-84.518163 37.959635
-93.163123 44.864913
-94.160476 36.061974
-96.273397 30.555522
-80.258766 25.811117
-97.726049 30.400363
-84.120224 37.114731
-117.401728 33.934673
-97.733960 30.271030
-82.048104 33.472207
-85.779386 30.159770
-96.806756 32.786765
-119.740278 36.866953
-122.671459 38.274070
-117.994387 33.653066
-83.534213 35.795874
-93.214546 44.883626
-122.758619 47.085474
-83.493093 36.120641
-96.100160 41.236409
-78.811476 42.991229
-118.936700 35.444170
-81.314675 28.696394
-110.763668 43.478733
-71.687654 43.753904
-105.002861 39.742257
-115.170059 36.122572
-122.873274 42.306201
-84.511036 39.132051
-118.413540 33.937228
-122.361066 47.639519
-73.992048 40.740896
-73.954085 40.713709
-89.711571 35.019195
-118.404435 33.940318
-97.221665 31.478604
-118.383266 34.090778
-118.397342 34.143501
-100.811198 39.118751
-80.687023 35.346481
-87.639939 41.878620
-112.198325 35.252876
-81.526185 28.343883
-118.387927 34.090892
-87.539241 41.691477
-86.861335 36.133835
-84.769904 33.719984
-93.616983 42.015006
-85.719454 38.344915
-118.412619 33.884062
-70.877341 42.614851
-85.444558 40.189156
-85.390417 40.105357
-96.935374 35.361055
-95.971842 36.140509
-118.755341 34.276510
-111.403848 44.391216
-118.352069 34.048374
-84.380879 33.869857
-118.340306 34.101677
-118.325328 34.100900
-120.399771 37.702803
-75.161524 44.589792
-81.522562 40.909668
-119.793326 34.522793
-85.715843 37.844454
-115.142558 36.170182
-118.387557 34.093118
-106.074092 39.403919
-118.552171 34.405475
-117.174787 33.684165
-82.152739 33.422672
-118.144850 34.145238
-87.740700 41.787905
-75.034537 39.925099
-97.161300 33.215440
-118.887777 34.039787
-121.480110 38.572699
-117.054133 33.533954
-122.319417 37.576515
-122.355663 47.648023
-122.411728 37.786869
-157.852968 21.295082
-114.922638 36.113977
-97.525535 25.940083
-73.975930 40.749510
-82.961809 34.692952
-68.666500 44.926422
-92.043218 34.969462
-90.092389 32.509771
-122.287036 47.188513
-73.988880 40.741110
-104.850426 38.790152
-90.175625 32.327271
-72.740404 44.470301
-118.339752 34.101499
-97.740141 30.268794
-81.644993 28.224664
-118.417899 34.188708
-91.888378 30.302912
-76.306810 36.944470
-121.901051 37.332881
-94.581454 39.103352
-117.761668 33.522141
-84.593592 33.963759
-81.492507 28.460806
-80.014366 32.875684
-111.982098 40.786650
-90.467704 38.636682
-122.079547 37.425982
-84.082732 39.635990
-118.415783 33.970862
-73.974443 40.685389
-73.978188 40.758693
-80.726112 40.393217
-118.604166 34.180177
-95.868197 46.549381
-84.473473 39.148463
-86.773017 36.101132
-106.670134 35.096294
-97.704428 30.403110
-97.330834 32.753973
-81.443713 40.495448
-82.347905 29.654060
-111.994214 33.437508
-96.580234 39.190536
-77.456009 38.862377
-83.453888 42.467745
-81.025728 29.130047
-73.857155 40.688196
-85.653981 38.253075
-88.250622 43.821461
-118.168500 33.769960
-74.199258 40.947189
-115.175000 36.117778
-76.800097 42.913708
-105.078111 40.578688
-96.440864 39.129128
-118.308839 34.061428
-97.802914 30.347410
-78.659761 35.796770
-117.343140 34.066998
-118.175383 34.199646
-71.123019 42.394789
-78.577881 39.110137
-117.600231 33.652887
-81.936867 36.087169
-118.600872 34.188097
-71.118142 42.568320
-118.340279 34.102091
-81.780963 38.424813
-118.379964 34.076419
-95.458237 29.740755
-73.948548 40.723010
-112.046440 33.447038
-117.933831 34.005411
-82.086205 41.345669
-121.590457 38.692276
-86.228839 30.345850
-85.751407 33.750712
-111.951059 33.422693
-122.439641 37.800785
-82.398910 40.057025
-117.918996 33.809583
-71.050691 42.067332
-94.414836 39.048585
-105.092032 40.018285
-81.806271 26.347323
-115.040925 36.061794
-84.390125 33.735816
-106.349214 31.759661
-79.562707 36.159493
-102.983856 41.148450
-73.648094 40.790821
-118.390409 33.947457
-73.944556 40.776928
-115.173133 36.130423
-115.175945 36.107162
-84.232121 33.507306
-87.976910 42.208331
-117.913007 33.670269
-88.191251 30.678538
-87.064668 41.516582
-71.014246 42.125690
-95.249814 38.955848
-122.401128 37.785644
-109.958948 34.149902
-117.160502 32.722243
-88.245369 40.117068
-72.521856 41.289705
-96.146863 41.217065
-118.266144 34.045272
-111.654189 35.178442
-74.361262 40.541428
-97.703129 30.253093
-85.378499 35.019754
-87.642162 41.880584
-111.652174 40.246320
-105.070660 39.741718
-118.337526 34.101595
-115.177361 36.107851
-95.963409 36.130609
-74.119820 40.431076
-113.545191 37.116202
-97.667063 48.505086
-87.012902 34.577116
-81.484472 28.332295
-86.795383 36.206322
-73.909384 40.760465
-80.939862 35.220655
-74.067796 40.811438
-118.498231 34.017163
-117.184636 33.571652
-82.704319 34.766321
-86.082370 39.595930
-122.698438 45.527338
-85.668063 42.961796
-84.172435 35.855058
-81.671625 30.328633
-96.728400 32.939609
-118.129358 33.927767
-77.036712 38.897579
-85.758838 38.219278
-121.206067 38.643972
-87.519626 33.214340
-77.608427 43.069703
-118.863696 34.265605
-118.447047 34.062588
-83.419878 42.528381
-85.488187 32.603821
-77.447199 43.130792
-91.920283 30.557501
-111.686808 40.319753
-96.815012 33.104760
-118.394989 33.933816
-83.871689 35.799050
-97.106040 31.540970
-118.376580 34.069962
-83.379309 33.947891
-116.208986 43.611831
-80.739767 28.257649
-80.311650 26.020855
-73.975639 40.745014
-95.461742 29.933243
-72.890659 43.097259
-71.067982 42.137664
-82.475889 27.944486
-81.330876 28.802812
-71.081620 42.305700
-74.014414 40.704584
-86.238949 39.789376
-74.447513 40.138700
-114.637105 35.107093
-101.901383 35.174567
-118.403174 34.069444
-89.408176 43.072948
-73.933147 41.737262
-80.371185 26.126154
-87.011058 34.809942
-73.977359 40.752792
-81.027918 33.995193
-77.324910 38.858875
-71.440472 41.702496
-74.267424 40.024439
-94.452452 36.099849
-115.152466 36.167907
-79.482592 36.139961
-89.006832 34.468121
-73.978673 40.758710
-107.910790 40.054406
-80.869679 35.105860
-97.742766 30.269107
-73.224710 41.212858
-97.765100 31.081000
-83.977776 43.482383
-93.205899 44.965820
-117.198868 34.258892
-118.002189 33.660184
-76.139642 39.523429
-118.376580 34.069962
-117.160915 32.724646
-73.858709 40.870267
-87.993330 42.978170
-90.443933 41.472870
-81.917797 28.030611
-95.172071 30.036606
-87.647206 41.959864
-79.923307 40.461269
-117.308414 33.193606
-122.441484 37.433738
-84.435901 33.637844
-118.364000 34.200330
-71.118137 42.374649
-118.347731 34.083197
-83.763043 32.056010
-97.573478 35.660750
-122.296842 37.842994
-118.312765 34.080412
-77.045345 38.883040
-122.676199 45.551299
-118.494455 34.014783
-93.738772 32.407764
-77.986983 39.462936
-97.754161 30.271831
-89.976679 34.934121
-84.571705 42.999377
-85.408802 38.100757
-96.068230 41.264405
-84.415862 33.747002
-122.391377 37.777337
-94.855238 36.886261
-88.469420 46.908124
-122.409123 37.787671
-90.068405 29.960505
-78.659389 35.797457
-86.294345 32.367193
-117.133173 32.785409
-91.457020 31.579444
-71.140472 42.656828
-118.408190 34.066609
-73.977376 40.758023
-106.406642 31.785439
-122.403493 37.784660
-95.404491 30.055618
-117.441351 34.084006
-104.987681 39.716764
-73.720697 40.959829
-83.739498 42.269582
-77.096585 38.886589
-99.506886 27.544688
-105.207486 40.204645
-74.208895 40.841735
-73.384367 40.777787
-117.893783 33.830188
-78.674692 35.785500
-111.971925 33.311271
-86.166265 42.201072
-115.943956 33.321094
-118.346939 34.086137
-80.796702 34.973799
-96.350062 41.041958
-80.633715 35.503867
-73.815403 40.760430
-75.731700 39.605921
-84.877254 33.470579
-118.350749 33.833172
-87.627860 41.878440
-87.030745 37.801290
-117.921326 33.808845
-117.531555 34.114629
-117.874610 33.606238
-83.979717 33.900590
-87.624369 41.835939
-96.068366 41.224075
-87.659714 41.890372
-84.118057 33.716973
-71.132831 42.384917
-122.253761 37.867750
-88.290347 41.275847
-90.289984 38.635467
-76.828231 39.164457
-90.081249 29.951012
-157.853867 21.294332
-84.256001 37.610293
-115.174211 36.101400
-105.235125 39.768009
-73.961502 40.693110
-80.959932 35.208293
-95.952406 36.134097
-71.054189 42.359683
-83.932642 35.951195
-72.291565 42.923357
-90.164188 38.615014
-86.753406 33.561365
-95.439214 29.705769
-81.761032 41.323743
-122.416584 37.791559
-93.176476 44.980145
-95.440910 29.732524
-85.529627 42.884624
-77.052739 38.902279
-88.028289 41.826052
-73.984505 40.725500
-73.946447 40.615469
-122.065421 37.410419
-112.116809 33.357866
-74.182161 40.563094
-118.347446 34.098006
-117.155611 46.742346
-97.407981 35.234440
-93.231792 45.171624
-71.161998 42.404521
-71.281960 44.078649
-97.721395 31.081159
-84.225917 30.510169
-93.320972 45.190101
-98.870627 48.128015
-93.258438 44.902770
-157.854389 21.293150
-83.927792 33.538433
-84.182315 39.741278
-93.180145 44.932718
-92.151164 46.800725
-93.129420 44.747448
-118.246473 34.062370
-71.572723 42.614977
-73.783498 40.650005
-86.288879 39.805667
-119.331741 46.251693
-95.888332 36.195541
-116.471263 33.767064
-75.233500 38.780175
-98.585660 29.583450
-101.722466 33.536002
-73.976355 40.757304
